Accuracy: 0.4 (8/20)
f1_macro: 0.2691622103386809
f1_micro: 0.4000000000000001
