Accuracy: 0.85
f1_macro: 0.8533333333333334
f1_micro: 0.8615384615384616
