Accuracy: 0.8
f1_macro: 0.5702380952380952
f1_micro: 0.8000000000000002
