Accuracy: 0.8
f1_macro: 0.5201465201465202
f1_micro: 0.8000000000000002
