Accuracy: 0.4
f1_macro: 0.29055944055944055
f1_micro: 0.4000000000000001
