Accuracy: 0.8
f1_macro: 0.4583333333333333
f1_micro: 0.8000000000000002
