Accuracy: 0.8
f1_macro: 0.5277777777777777
f1_micro: 0.8000000000000002
