Accuracy: 0.8421052631578947 (32/38)
f1_macro: 0.530952380952381
f1_micro: 0.8421052631578947
