Accuracy: 0.6842105263157895
f1_macro: 0.38011695906432746
f1_micro: 0.6842105263157895
