Accuracy: 0.631578947368421 (24/38)
f1_macro: 0.4096618357487922
f1_micro: 0.631578947368421
